9
9
8
8
8
8
5
9
7
9
9
7
9
9
9
8
8
7
7
9
7
7
9
7
7
8
8
8
9
9
9
5
2
5
6
6
6
6
3
5
5
5
6
2
6
2
6
6
6
6
6
6
6
6
6
6
6
2
2
5
6
5
6
7
6
6
6
6
6
6
6
6
4
6
6
6
6
6
6
6
6
6
6
6
6
6
6
6
6
6
4
6
4
6
6
3
6
6
6
6
6
5
6
6
2
6
5
3
6
6
6
6
6
6
6
4
6
6
6
6
6
6
5
2
5
7
6
6
6
6
6
6
6
6
6
6
6
6
4
6
3
6
6
6
6
6
6
6
6
6
6
6
6
6
6
6
6
4
6
6
3
6
6
6
6
6
6
6
7
6
6
6
2
6
6
9
9
9
3
6
6
8
8
6
8
6
8
8
9
9
9
6
9
9
6
9
9
5
7
7
7
9
9
7
9
9
9
9
9
9
7
6
6
7
9
9
7
6
9
9
5
5
9
8
7
7
8
7
8
7
8
7
8
8
7
9
9
6
7
7
7
7
7
6
6
7
8
6
3
3
9
6
5
5
5